EvenOddNumberPyramid
*
1*
*2*
1*3*
*2*4*
1*3*5*
*2*4*6*
1*3*5*7*
*2*4*6*8*
1*3*5*7*9*

LookAndSay
1
11
21
1211
111221

LookAndSayPattern

Npattern
1    1
22   2
3 3  3
4  4 4
5   55
6    6

Pattern1
1
12
123
1234
12345

Pattern2
1 
2 3 
4 5 6 
7 8 9 10 
11 12 13 14 15 
16 17 18 19 20 21 
22 23 24 25 26 27 28 

Pattern3
55555
54444
54333
54322
54321


Pattern4
    0
   101
  21012
 3210123
432101234

pattern 5

    1 
   1 1 
  1 2 1 
 1 3 3 1 
1 4 6 4 1 


pattern 6

4 4 4 4 4 4 4 4 4 
4 3 3 3 3 3 3 3 4 
4 3 2 2 2 2 2 3 4 
4 3 2 1 1 1 2 3 4 
4 3 2 1 0 1 2 3 4 
4 3 2 1 1 1 2 3 4 
4 3 2 2 2 2 2 3 4 
4 3 3 3 3 3 3 3 4 
4 4 4 4 4 4 4 4 4 

pattern 7
	0 0 0 0 0 0 0 0 0 
	0 1 1 1 1 1 1 1 0 
	0 1 2 2 2 2 2 1 0 
	0 1 2 3 3 3 2 1 0 
	0 1 2 3 4 3 2 1 0 
	0 1 2 3 3 3 2 1 0 
	0 1 2 2 2 2 2 1 0 
	0 1 1 1 1 1 1 1 0 
	0 0 0 0 0 0 0 0 0 

PositionPattern

1 
2 4 
3 5 7 
6 8 10 12 

ReversePattern
   1 
  3 2 
 6 5 4 
10 9 8 7 
10 9 8 7 
 6 5 4 
  3 2 
   1 
   
RotatePattern
123456
234561
345612
456123
561234
612345

SnakePattern
1 2 3 4 
8 7 6 5 
9 10 11 12 
16 15 14 13 



VerticalPattern
1 7 12 16 19 21 
2 8 13 17 20 
3 9 14 18 
4 10 15 
5 11 
6 

